2 0.3622604233941687 0.2284885447463102 0.035932054793937934 0.05961971933074551
2 0.4482795848705656 0.27682885771718496 0.02722125363177114 0.0628424068621372
2 0.3377612951255747 0.3727038117760865 0.03919860522975045 0.04834031297087475
2 0.4145252303671693 0.396068296378676 0.0315766542128546 0.0435062816737873
2 0.3851262764448564 0.49516593796896924 0.03375435450339625 0.048340312970874794
2 0.27134143626405305 0.6426038925301372 0.023954703195958625 0.046728969205178904
2 0.2865853382978449 0.6643570333670308 0.02831010377704196 0.0386722503766998
2 0.4755008385023366 0.7940702065055448 0.042465155665563005 0.053174344267962206
2 0.5364764466375039 0.6474379238272246 0.031576654212854514 0.053174344267962206
2 0.5827525778115149 0.6216564235760914 0.026132403486500273 0.05961971933074551
