2 0.380770875863773 0.11327746549905873 0.03810975508447958 0.05800837556504969
2 0.40853655456817967 0.2623267638259225 0.04355400581083377 0.05961971933074553
2 0.4128919551492629 0.34128260834501795 0.039198605229750424 0.04350628167378727
2 0.3355835948350329 0.4581050313579652 0.03702090493920873 0.05478568803365802
2 0.23758708176065685 0.5652593917767376 0.030487804067583654 0.05639703179935389
2 0.5751306267946189 0.4806638440777068 0.037020904939208774 0.05800837556504967
2 0.6203179078233592 0.44360293746670276 0.042465155665563005 0.06123106309644131
2 0.7047037940818496 0.1680631535327168 0.039198605229750466 0.0515630005022664
2 0.7074259194450266 0.20834674767511238 0.03593205479393793 0.04189493790809143
2 0.6889154669754224 0.7054462993922743 0.03810975508447962 0.06928778192492047
2 0.6246733084044425 0.6957782367980994 0.03157665421285454 0.0563970317993538
2 0.6186846326054528 0.6466322519443768 0.03266550435812539 0.04511762543948309
2 0.5936410792642234 0.6482435957100726 0.02395470319595862 0.04511762543948309
2 0.5702308011409002 0.6063486578019811 0.02722125363177116 0.05156300050226638
2 0.5881968285378691 0.6063486578019811 0.01524390203379185 0.03867225037669981
2 0.550631498526025 0.6579116583042475 0.03157665421285454 0.05156300050226638
2 0.5653309754871814 0.7417015341204304 0.03484320464866708 0.04834031297087474
2 0.5555313241797437 0.7997099096854801 0.028310103777042007 0.03867225037669981
2 0.5783971772304315 0.8601353008990734 0.03484320464866708 0.04350628167378732
2 0.5555313241797437 0.8359651444136361 0.0304878040675837 0.030615531548220564
2 0.5130661685141809 0.883499785501663 0.03484320464866708 0.04511762543948301
2 0.46951216270334695 0.8456332070078111 0.026132403486500314 0.04028359414239558
2 0.4461018845800237 0.8577182852505298 0.03157665421285454 0.04834031297087474
2 0.39002610209857524 0.8818884417359671 0.04137630552029216 0.07089912569061632
2 0.3426611207792935 0.8142120035767425 0.04028745537502127 0.05478568803365811
2 0.27406356162723017 0.5974862670906541 0.035932054793937886 0.0499516567365706
